transform =

   -0.7181   -0.9601   -0.1699   -0.3431
    0.2667    0.4643    0.8790   -2.4817
   -0.8105    2.0802    0.3348    2.4483
         0         0         0    1.0000